[[1]]
                 Estimate  Std. Error     t value  Pr(>|t|)
(Intercept)  6.529754e-01 3.563627758  0.18323333 0.8546212
year        -3.103227e-04 0.001764835 -0.17583667 0.8604282
US           4.217625e+00 4.075516857  1.03486874 0.3007723
JP          -1.436704e+00 5.517252864 -0.26040204 0.7945627
DE          -2.447867e+00 7.299078158 -0.33536660 0.7373604
FR           1.292952e+00 7.270817877  0.17782766 0.8588644
KR          -1.678522e-01 6.933010688 -0.02421058 0.9806855
year:US     -2.072918e-03 0.002018360 -1.02703082 0.3044477
year:JP      7.063408e-04 0.002732777  0.25847001 0.7960531
year:DE      1.207811e-03 0.003615601  0.33405532 0.7383496
year:FR     -6.405754e-04 0.003601835 -0.17784695 0.8588492
year:KR      7.806728e-05 0.003433588  0.02273636 0.9818613

[[2]]
                Estimate   Std. Error    t value  Pr(>|t|)
(Intercept) -2.754708371  4.177255775 -0.6594541 0.5096298
year         0.001390251  0.002068666  0.6720521 0.5015767
US           3.485632094  5.068819652  0.6876615 0.4916928
JP           5.114080343  6.753145200  0.7572887 0.4489069
DE          -5.577708494  9.592624520 -0.5814580 0.5609538
FR           7.895507637 10.173839711  0.7760598 0.4377446
KR           4.273851950  9.336966890  0.4577345 0.6471599
year:US     -0.001729469  0.002510320 -0.6889435 0.4908857
year:JP     -0.002528886  0.003344960 -0.7560290 0.4496618
year:DE      0.002763130  0.004751895  0.5814796 0.5609393
year:FR     -0.003894864  0.005039770 -0.7728257 0.4396562
year:KR     -0.002114360  0.004624109 -0.4572469 0.6475103

[[3]]
                 Estimate  Std. Error    t value  Pr(>|t|)
(Intercept) -1.7834396992 3.650444288 -0.4885541 0.6251754
year         0.0008960017 0.001807978  0.4955822 0.6202075
US           5.7291410681 4.382430749  1.3072976 0.1911622
JP           3.1560782710 5.589910222  0.5646027 0.5723653
DE          -3.4162981350 7.598204352 -0.4496191 0.6530015
FR           3.3072781958 7.752186984  0.4266252 0.6696678
KR          -4.3550723820 8.139893855 -0.5350282 0.5926504
year:US     -0.0028191095 0.002170492 -1.2988344 0.1940511
year:JP     -0.0015628832 0.002769051 -0.5644111 0.5724957
year:DE      0.0016893489 0.003763826  0.4488382 0.6535648
year:FR     -0.0016299781 0.003840528 -0.4244151 0.6712784
year:KR      0.0021710246 0.004031523  0.5385123 0.5902435

[[4]]
                 Estimate   Std. Error    t value   Pr(>|t|)
(Intercept)  1.235981e+01  5.386434848  2.2946187 0.02178967
year        -6.091863e-03  0.002667303 -2.2839041 0.02241226
US          -1.245563e+01  5.965936307 -2.0877916 0.03685910
JP          -2.186320e+01  8.613016809 -2.5383901 0.01116167
DE          -1.056495e+01 11.813757860 -0.8942921 0.37120181
FR          -2.027698e+01  9.501702149 -2.1340361 0.03288062
KR          -1.587615e+00  9.835552293 -0.1614159 0.87177132
year:US      6.156206e-03  0.002954355  2.0837731 0.03722341
year:JP      1.084580e-02  0.004266093  2.5423262 0.01103688
year:DE      5.279614e-03  0.005851863  0.9022108 0.36698145
year:FR      1.002882e-02  0.004707191  2.1305320 0.03316864
year:KR      7.727978e-04  0.004870649  0.1586642 0.87393879

[[5]]
                 Estimate  Std. Error     t value  Pr(>|t|)
(Intercept)  8.697264e-01 4.451535365  0.19537673 0.8451047
year        -4.087715e-04 0.002204597 -0.18541781 0.8529077
US           5.710201e-02 5.043863141  0.01132109 0.9909677
JP          -8.870592e+00 6.022093681 -1.47300795 0.1408018
DE          -2.350254e+00 8.306388242 -0.28294538 0.7772286
FR          -4.039730e+00 8.317277088 -0.48570338 0.6271954
KR           5.184876e+00 8.233101499  0.62975973 0.5288760
year:US     -2.748708e-05 0.002498009 -0.01100360 0.9912209
year:JP      4.389852e-03 0.002983075  1.47158603 0.1411856
year:DE      1.158175e-03 0.004114483  0.28148728 0.7783465
year:FR      1.988944e-03 0.004120199  0.48273019 0.6293051
year:KR     -2.575911e-03 0.004077483 -0.63174049 0.5275808

[[6]]
                 Estimate   Std. Error    t value  Pr(>|t|)
(Intercept)  2.5902963437  4.760221374  0.5441546 0.5863555
year        -0.0012488671  0.002357347 -0.5297764 0.5962867
US          -0.8077621134  5.510426750 -0.1465879 0.8834622
JP          -3.3696827802  7.138380518 -0.4720514 0.6369074
DE           6.7319985821 10.295422171  0.6538827 0.5132127
FR          -7.1662710359  8.906579965 -0.8046041 0.4210803
KR           3.5240291824  8.726983852  0.4038084 0.6863682
year:US      0.0003856812  0.002729030  0.1413254 0.8876177
year:JP      0.0016647137  0.003536034  0.4707856 0.6378111
year:DE     -0.0033298588  0.005099239 -0.6530109 0.5137745
year:FR      0.0035294216  0.004412154  0.7999316 0.4237824
year:KR     -0.0017657198  0.004321921 -0.4085498 0.6828848

[[7]]
                Estimate  Std. Error    t value  Pr(>|t|)
(Intercept) -4.099499645 4.245480265 -0.9656151 0.3342761
year         0.002045906 0.002102573  0.9730489 0.3305686
US           3.089413052 5.535463995  0.5581128 0.5767884
JP           2.362169371 6.206396437  0.3806024 0.7035119
DE           6.945658465 8.769465295  0.7920276 0.4283762
FR           7.648796978 9.244798252  0.8273622 0.4080650
KR           3.158268611 8.676865519  0.3639873 0.7158805
year:US     -0.001517920 0.002741631 -0.5536560 0.5798351
year:JP     -0.001174154 0.003074376 -0.3819161 0.7025372
year:DE     -0.003438973 0.004343961 -0.7916674 0.4285862
year:FR     -0.003776365 0.004580138 -0.8245089 0.4096835
year:KR     -0.001553810 0.004297584 -0.3615543 0.7176980

[[8]]
                Estimate  Std. Error    t value    Pr(>|t|)
(Intercept) -9.085867268 3.507217327 -2.5906200 0.009603714
year         0.004523173 0.001737064  2.6039194 0.009239359
US           6.215580497 3.946809055  1.5748369 0.115347300
JP           4.223723952 5.374845687  0.7858317 0.431997424
DE           8.637631245 7.567063781  1.1414773 0.253717337
FR           5.226707881 7.942966089  0.6580297 0.510544498
KR           8.362883543 6.925202381  1.2076013 0.227248683
year:US     -0.003085559 0.001954686 -1.5785451 0.114493639
year:JP     -0.002100931 0.002662664 -0.7890334 0.430123938
year:DE     -0.004288937 0.003748406 -1.1442029 0.252585551
year:FR     -0.002595028 0.003935119 -0.6594534 0.509630190
year:KR     -0.004159198 0.003429848 -1.2126478 0.225312678

[[9]]
                Estimate  Std. Error    t value   Pr(>|t|)
(Intercept) -6.322483196 3.949774084 -1.6007202 0.10949203
year         0.003148032 0.001956058  1.6093755 0.10758735
US           2.757695997 4.748804512  0.5807137 0.56145541
JP           2.625292043 6.128508234  0.4283737 0.66839455
DE           9.668713513 7.893857281  1.2248402 0.22068397
FR          16.065773096 8.647421371  1.8578687 0.06323706
KR          16.989235650 8.462150711  2.0076735 0.04472316
year:US     -0.001355114 0.002351936 -0.5761695 0.56452240
year:JP     -0.001307324 0.003035595 -0.4306649 0.66672767
year:DE     -0.004796802 0.003910087 -1.2267764 0.21995522
year:FR     -0.007946650 0.004283941 -1.8549859 0.06364771
year:KR     -0.008402494 0.004190720 -2.0050239 0.04500573

[[10]]
                 Estimate  Std. Error     t value   Pr(>|t|)
(Intercept)  2.293611e+00 4.676533132  0.49045117 0.62383277
year        -1.105418e-03 0.002316106 -0.47727414 0.63318446
US          -1.884201e+00 5.349505305 -0.35221973 0.72468596
JP           7.147888e+00 7.829809968  0.91290700 0.36132847
DE           3.755044e-01 9.601181602  0.03911023 0.96880382
FR          -7.028052e+00 9.934544220 -0.70743582 0.47932341
KR          -2.055439e+01 9.723506810 -2.11388647 0.03456649
year:US      9.274260e-04 0.002649533  0.35003377 0.72632575
year:JP     -3.526147e-03 0.003878826 -0.90907587 0.36334692
year:DE     -1.938562e-04 0.004755812 -0.04076196 0.96748703
year:FR      3.477162e-03 0.004921422  0.70653611 0.47988249
year:KR      1.018589e-02 0.004815490  2.11523448 0.03445145

[[11]]
                 Estimate  Std. Error     t value  Pr(>|t|)
(Intercept)  8.518318e-01 4.389025535  0.19408223 0.8461181
year        -3.933639e-04 0.002173568 -0.18097613 0.8563925
US          -6.438958e-02 4.775373708 -0.01348367 0.9892424
JP           2.646565e+00 6.448858460  0.41039280 0.6815326
DE           1.353418e+00 9.198010077  0.14714246 0.8830246
FR          -4.847511e+00 8.612018252 -0.56287747 0.5735395
KR           3.938947e+00 8.193857906  0.48071945 0.6307336
year:US      2.690994e-05 0.002364882  0.01137898 0.9909215
year:JP     -1.308956e-03 0.003194190 -0.40979273 0.6819728
year:DE     -6.671916e-04 0.004556211 -0.14643560 0.8835825
year:FR      2.391500e-03 0.004266195  0.56056981 0.5751120
year:KR     -1.965658e-03 0.004057780 -0.48441697 0.6281078

[[12]]
                Estimate  Std. Error    t value  Pr(>|t|)
(Intercept)  2.538399645 3.989844496  0.6362152 0.5246607
year        -0.001230948 0.001975823 -0.6230054 0.5333049
US          -2.443250146 4.589964505 -0.5323026 0.5945363
JP          -6.708115091 6.005699425 -1.1169582 0.2640573
DE          -5.490246113 8.430782716 -0.6512143 0.5149333
FR          -7.538846370 8.074892352 -0.9336157 0.3505401
KR           2.921786890 7.544725077  0.3872622 0.6985760
year:US      0.001204751 0.002273278  0.5299622 0.5961579
year:JP      0.003319328 0.002975022  1.1157324 0.2645818
year:DE      0.002713165 0.004176331  0.6496528 0.5159416
year:FR      0.003725278 0.004000093  0.9312976 0.3517374
year:KR     -0.001460190 0.003736503 -0.3907907 0.6959660

[[13]]
                 Estimate   Std. Error    t value  Pr(>|t|)
(Intercept) -8.628281e-01  6.035586701 -0.1429568 0.8863291
year         4.589537e-04  0.002989087  0.1535431 0.8779752
US           1.228590e+00  7.081105133  0.1735026 0.8622623
JP           1.384051e+00  9.374572918  0.1476389 0.8826328
DE          -1.155413e+01 11.405086374 -1.0130678 0.3110690
FR           9.225895e+00 12.466514275  0.7400541 0.4592964
KR          -5.236937e+00 12.284632411 -0.4262999 0.6699048
year:US     -6.070078e-04  0.003507014 -0.1730839 0.8625913
year:JP     -6.803290e-04  0.004643466 -0.1465132 0.8835212
year:DE      5.724200e-03  0.005649440  1.0132332 0.3109900
year:FR     -4.564232e-03  0.006175758 -0.7390561 0.4599021
year:KR      2.641738e-03  0.006084412  0.4341813 0.6641725

[[14]]
                 Estimate   Std. Error     t value  Pr(>|t|)
(Intercept)  7.076180e+00  5.208551096  1.35856980 0.1743345
year        -3.456704e-03  0.002579665 -1.33998164 0.1803025
US          -4.260745e+00  6.031228742 -0.70644723 0.4799377
JP          -7.585998e+00  8.028938755 -0.94483198 0.3447831
DE           3.162633e-01 11.537911788  0.02741079 0.9781330
FR          -1.415236e+01 10.080512060 -1.40393259 0.1603911
KR           1.152895e+00 10.278658233  0.11216401 0.9106972
year:US      2.089705e-03  0.002987133  0.69956868 0.4842241
year:JP      3.742248e-03  0.003976973  0.94097906 0.3467538
year:DE     -1.634818e-04  0.005714716 -0.02860716 0.9771789
year:FR      6.974623e-03  0.004994073  1.39658015 0.1625920
year:KR     -5.948853e-04  0.005090891 -0.11685289 0.9069806

[[15]]
                 Estimate  Std. Error    t value   Pr(>|t|)
(Intercept)  5.544387e+00 3.735334576  1.4843080 0.13778024
year        -2.727275e-03 0.001849831 -1.4743372 0.14044378
US          -7.637866e+00 4.619670437 -1.6533357 0.09831536
JP          -3.300357e+00 5.330271119 -0.6191725 0.53582643
DE          -1.086352e+00 7.505966899 -0.1447318 0.88492757
FR          -4.392388e+00 7.154077720 -0.6139698 0.53925875
KR          -1.590396e+01 7.801197548 -2.0386560 0.04152851
year:US      3.790216e-03 0.002287958  1.6565936 0.09765442
year:JP      1.628178e-03 0.002640083  0.6167146 0.53744658
year:DE      5.323747e-04 0.003717664  0.1432014 0.88613598
year:FR      2.173668e-03 0.003544184  0.6133056 0.53969778
year:KR      7.875256e-03 0.003864247  2.0379795 0.04159615

[[16]]
                 Estimate   Std. Error     t value  Pr(>|t|)
(Intercept)  2.890656e+00  4.631436964  0.62413798 0.5325609
year        -1.409252e-03  0.002293701 -0.61440088 0.5389740
US          -2.885308e-01  5.419494871 -0.05323943 0.9575429
JP           3.118158e+00  7.509990617  0.41520132 0.6780095
DE          -1.178057e+01 11.065198911 -1.06465078 0.2870772
FR           1.261515e+01 10.501850954  1.20123079 0.2297095
KR          -1.152958e+01 11.060475437 -1.04241298 0.2972626
year:US      1.422923e-04  0.002684133  0.05301237 0.9577238
year:JP     -1.536848e-03  0.003720079 -0.41312251 0.6795318
year:DE      5.845157e-03  0.005481243  1.06639268 0.2862895
year:FR     -6.239693e-03  0.005202105 -1.19945535 0.2303987
year:KR      5.718962e-03  0.005477889  1.04400843 0.2965239

[[17]]
                Estimate   Std. Error    t value  Pr(>|t|)
(Intercept) -3.291826590  4.313156196 -0.7632060 0.4453708
year         0.001660082  0.002135994  0.7771940 0.4370752
US           3.743630828  4.998391595  0.7489671 0.4539067
JP          10.727814999  6.752955343  1.5886104 0.1122015
DE           7.801159695  8.934971238  0.8731041 0.3826416
FR           4.005174714 10.012381715  0.4000222 0.6891546
KR          -3.086640670  9.361059757 -0.3297320 0.7416141
year:US     -0.001853499  0.002475247 -0.7488137 0.4539991
year:JP     -0.005316200  0.003344905 -1.5893424 0.1120363
year:DE     -0.003863300  0.004425621 -0.8729396 0.3827312
year:FR     -0.001970209  0.004960375 -0.3971895 0.6912420
year:KR      0.001530969  0.004636220  0.3302192 0.7412460

[[18]]
                 Estimate   Std. Error     t value  Pr(>|t|)
(Intercept) -1.9695309647  5.102860464 -0.38596606 0.6995356
year         0.0010109777  0.002526806  0.40010113 0.6890964
US          -3.1293613647  5.874316514 -0.53271923 0.5942479
JP           4.3392512101  7.646459383  0.56748503 0.5704061
DE          -0.9383938101 10.099666651 -0.09291334 0.9259755
FR          -1.6994983950 11.266464548 -0.15084576 0.8801025
KR           6.4402218676 10.340338212  0.62282507 0.5334234
year:US      0.0015477407  0.002909011  0.53205055 0.5947109
year:JP     -0.0021366945  0.003787376 -0.56416222 0.5726650
year:DE      0.0004568927  0.005002824  0.09132696 0.9272359
year:FR      0.0008723813  0.005580656  0.15632236 0.8757842
year:KR     -0.0031771645  0.005121253 -0.62038816 0.5350260

[[19]]
                Estimate  Std. Error    t value  Pr(>|t|)
(Intercept) -5.632419623 4.168278208 -1.3512581 0.1766642
year         0.002809345 0.002064332  1.3608979 0.1735975
US           2.392831852 4.846752413  0.4936980 0.6215377
JP           6.598010579 6.457781209  1.0217148 0.3069575
DE           9.173670483 8.364342800  1.0967593 0.2727911
FR           5.326546567 9.257321097  0.5753875 0.5650510
KR           4.439914393 8.976006049  0.4946425 0.6208707
year:US     -0.001176758 0.002400540 -0.4902057 0.6240064
year:JP     -0.003269771 0.003198607 -1.0222484 0.3067050
year:DE     -0.004551926 0.004142902 -1.0987288 0.2719309
year:FR     -0.002627616 0.004586193 -0.5729406 0.5667066
year:KR     -0.002194289 0.004445353 -0.4936140 0.6215970

[[20]]
                 Estimate  Std. Error     t value  Pr(>|t|)
(Intercept) -6.550331e-01 2.788333635 -0.23491918 0.8142795
year         3.360629e-04 0.001380899  0.24336519 0.8077309
US          -1.333518e-01 3.021910656 -0.04412830 0.9648036
JP          -4.047298e-01 4.095247751 -0.09882913 0.9212773
DE           3.571384e+00 6.330336509  0.56416967 0.5726599
FR          -1.254403e+00 5.512561944 -0.22755363 0.8200011
KR           2.015990e+00 4.935341196  0.40848039 0.6829357
year:US      6.682951e-05 0.001496672  0.04465208 0.9643861
year:JP      2.000471e-04 0.002028308  0.09862758 0.9214373
year:DE     -1.762958e-03 0.003135173 -0.56231616 0.5739218
year:FR      6.174169e-04 0.002730854  0.22608930 0.8211397
year:KR     -1.001756e-03 0.002444331 -0.40982817 0.6819468

