[[1]]
                 Estimate   Std. Error   t value     Pr(>|t|)
(Intercept)  26.379906234  7.014204422  3.760926 1.709473e-04
year         -0.013038883  0.003473557 -3.753755 1.759032e-04
US          -35.985999182  7.757966592 -4.638587 3.584810e-06
JP          -19.804862382  8.952427395 -2.212234 2.698922e-02
KR          -18.326564578 10.942273797 -1.674841 9.401925e-02
FR          -35.356597532 13.630274394 -2.593975 9.511109e-03
CN          -23.637066739 15.688816426 -1.506619 1.319627e-01
year:US       0.017836645  0.003842188  4.642315 3.520944e-06
year:JP       0.009810324  0.004434132  2.212457 2.697382e-02
year:KR       0.009064924  0.005419912  1.672522 9.447514e-02
year:FR       0.017507330  0.006752847  2.592585 9.549601e-03
year:CN       0.011690655  0.007768028  1.504971 1.323859e-01

[[2]]
                 Estimate  Std. Error    t value    Pr(>|t|)
(Intercept)  10.222432871 3.882558747  2.6329113 0.008488025
year         -0.005045571 0.001922608 -2.6243374 0.008704461
US           -6.935913218 4.336332645 -1.5994883 0.109766450
JP          -11.902924243 4.976542417 -2.3918060 0.016797260
KR          -10.309011868 5.826058071 -1.7694660 0.076868509
FR          -21.937213657 8.276897383 -2.6504151 0.008061056
CN           -6.076722973 9.525198453 -0.6379629 0.523522956
year:US       0.003434067 0.002147250  1.5992866 0.109811240
year:JP       0.005894786 0.002464876  2.3915146 0.016810588
year:KR       0.005098884 0.002885639  1.7669858 0.077283021
year:FR       0.010867558 0.004101104  2.6499105 0.008073091
year:CN       0.003003992 0.004716313  0.6369366 0.524191186

[[3]]
                 Estimate   Std. Error    t value   Pr(>|t|)
(Intercept)  -2.306767725  5.695426203 -0.4050211 0.68547690
year          0.001156266  0.002820893  0.4098937 0.68189900
US          -11.621111052  6.671646955 -1.7418654 0.08158485
JP            9.970338708  8.110165085  1.2293632 0.21898537
KR            8.273749575 10.234010304  0.8084562 0.41886104
FR           -8.286435196 14.124532427 -0.5866697 0.55744832
CN          -23.928493103 17.975809058 -1.3311497 0.18319191
year:US       0.005770903  0.003304420  1.7464195 0.08079086
year:JP      -0.004918222  0.004017555 -1.2241829 0.22093283
year:KR      -0.004084888  0.005069393 -0.8057944 0.42039435
year:FR       0.004127204  0.006998071  0.5897631 0.55537238
year:CN       0.011866812  0.008903265  1.3328607 0.18262973

[[4]]
                 Estimate   Std. Error    t value  Pr(>|t|)
(Intercept)  6.8485967869  6.847577464  1.0001489 0.3172801
year        -0.0033511821  0.003391395 -0.9881426 0.3231239
US          -4.1671542825  7.071393740 -0.5892974 0.5556846
JP           1.2558580699  8.743279672  0.1436370 0.8857921
KR          -9.2546099579  9.449576054 -0.9793677 0.3274390
FR          -4.4503164806 11.540766928 -0.3856170 0.6997944
CN           9.4979212916 16.473763148  0.5765484 0.5642669
year:US      0.0020423012  0.003502325  0.5831273 0.5598302
year:JP     -0.0006371227  0.004330852 -0.1471126 0.8830483
year:KR      0.0045629923  0.004680974  0.9747956 0.3297022
year:FR      0.0021830955  0.005717661  0.3818161 0.7026117
year:CN     -0.0046970935  0.008156690 -0.5758578 0.5647336

[[5]]
                 Estimate   Std. Error    t value     Pr(>|t|)
(Intercept) -1.049115e+01  6.713142194 -1.5627783 1.181591e-01
year         5.229182e-03  0.003325476  1.5724611 1.158980e-01
US           1.500844e+01  7.426543935  2.0209189 4.333388e-02
JP           1.975644e+01  8.053252629  2.4532244 1.418733e-02
KR           3.089498e+00 10.372598046  0.2978519 7.658268e-01
FR           9.195633e+01 16.608120488  5.5368291 3.214769e-08
CN          -1.993810e+00 15.439625087 -0.1291359 8.972546e-01
year:US     -7.449840e-03  0.003678690 -2.0251338 4.289920e-02
year:JP     -9.784080e-03  0.003989257 -2.4526072 1.421167e-02
year:KR     -1.528381e-03  0.005138688 -0.2974263 7.661517e-01
year:FR     -4.550131e-02  0.008228011 -5.5300500 3.340835e-08
year:CN      9.700199e-04  0.007645812  0.1268694 8.990481e-01

[[6]]
                 Estimate   Std. Error     t value     Pr(>|t|)
(Intercept) -5.409279e+00  5.048555907 -1.07145081 2.840112e-01
year         2.699291e-03  0.002500633  1.07944319 2.804350e-01
US           9.814978e+00  5.957764481  1.64742635 9.952445e-02
JP           4.081033e+00  7.111926357  0.57382947 5.661054e-01
KR           3.362238e+01  8.229247622  4.08571707 4.453166e-05
FR           1.482779e-01 10.137890813  0.01462611 9.883310e-01
CN           5.692287e+00 12.049425235  0.47241148 6.366508e-01
year:US     -4.854231e-03  0.002950816 -1.64504681 1.000142e-01
year:JP     -2.024294e-03  0.003523079 -0.57458104 5.655969e-01
year:KR     -1.665700e-02  0.004076108 -4.08649505 4.438310e-05
year:FR     -6.137681e-05  0.005022635 -0.01222004 9.902505e-01
year:CN     -2.828400e-03  0.005966570 -0.47404120 6.354883e-01

[[7]]
                 Estimate   Std. Error    t value     Pr(>|t|)
(Intercept) -22.698395715  7.331211504 -3.0961316 1.969958e-03
year          0.011282599  0.003631000  3.1072982 1.897158e-03
US           35.195323409  8.099084617  4.3455928 1.412647e-05
JP           21.811194074  9.858488778  2.2124277 2.697582e-02
KR           11.338038634 12.325412593  0.9198912 3.576678e-01
FR           -5.028688366 16.740902060 -0.3003834 7.638955e-01
CN           49.772784346 19.019156129  2.6169817 8.894059e-03
year:US      -0.017434737  0.004011509 -4.3461788 1.408892e-05
year:JP      -0.010822815  0.004883195 -2.2163389 2.670684e-02
year:KR      -0.005560949  0.006105277 -0.9108430 3.624158e-01
year:FR       0.002484672  0.008294822  0.2995449 7.645350e-01
year:CN      -0.024664280  0.009416898 -2.6191513 8.837755e-03

[[8]]
                 Estimate   Std. Error    t value    Pr(>|t|)
(Intercept)  11.660551982  6.413469116  1.8181349 0.069094919
year         -0.005752589  0.003176430 -1.8110235 0.070188761
US          -22.017051956  7.184527298 -3.0645095 0.002190259
JP           -8.666578952  8.326100913 -1.0408929 0.297968530
KR          -38.578876803 12.128215035 -3.1809196 0.001475796
FR           -6.694625544 13.499536901 -0.4959152 0.619972974
CN            2.535922102 16.362663646  0.1549822 0.876840703
year:US       0.010914622  0.003558392  3.0672910 0.002170011
year:JP       0.004286768  0.004124360  1.0393779 0.298672210
year:KR       0.019130254  0.006007688  3.1842957 0.001458720
year:FR       0.003306543  0.006687956  0.4944026 0.621040530
year:CN      -0.001264652  0.008101440 -0.1561021 0.875957924

[[9]]
                Estimate   Std. Error    t value     Pr(>|t|)
(Intercept) -7.618333026  4.298333999 -1.7723921 0.0763818206
year         0.003786542  0.002129078  1.7784894 0.0753757257
US          13.470681658  4.971624841  2.7095129 0.0067579485
JP          22.167951032  5.828546186  3.8033414 0.0001442197
KR           7.938984205  7.560697388  1.0500333 0.2937464056
FR           6.951622929  9.671178608  0.7187979 0.4722943149
CN          -4.224815255 12.875693160 -0.3281233 0.7428302261
year:US     -0.006658811  0.002462566 -2.7040137 0.0068706696
year:JP     -0.010984518  0.002887179 -3.8045852 0.0001434987
year:KR     -0.003930341  0.003745283 -1.0494108 0.2940326685
year:FR     -0.003443449  0.004791629 -0.7186385 0.4723925412
year:CN      0.002096780  0.006376488  0.3288298 0.7422961435

[[10]]
                 Estimate   Std. Error      t value    Pr(>|t|)
(Intercept)  6.035647e-01  4.331090258  0.139356301 0.889173426
year        -2.813687e-04  0.002144957 -0.131176875 0.895639925
US          -5.893277e-01  4.792468793 -0.122969536 0.902135469
JP          -1.708156e+01  6.432096724 -2.655675121 0.007936561
KR          -2.257888e+00  6.931316827 -0.325751610 0.744624008
FR          -3.600691e+00  9.019288365 -0.399221231 0.689744853
CN           2.780928e-02 10.294243111  0.002701440 0.997844658
year:US      2.850659e-04  0.002373400  0.120108668 0.904401213
year:JP      8.486516e-03  0.003186155  2.663559789 0.007753171
year:KR      1.109605e-03  0.003433413  0.323178374 0.746571772
year:FR      1.780531e-03  0.004468392  0.398472406 0.690296617
year:CN     -2.509584e-05  0.005097125 -0.004923528 0.996071778

[[11]]
                 Estimate   Std. Error     t value  Pr(>|t|)
(Intercept)  2.462873e+00  7.040694227  0.34980544 0.7264974
year        -1.162201e-03  0.003486929 -0.33330217 0.7389182
US           4.035990e+00  7.665157993  0.52653703 0.5985352
JP          -2.408420e+00  9.557696592 -0.25198754 0.8010596
KR           5.771409e+00 10.922488183  0.52839690 0.5972440
FR           4.151337e-01 14.052968771  0.02954064 0.9764344
CN          -1.607102e+01 19.939234537 -0.80599987 0.4202759
year:US     -2.036865e-03  0.003796363 -0.53653061 0.5916124
year:JP      1.168527e-03  0.004734240  0.24682461 0.8050527
year:KR     -2.897692e-03  0.005410526 -0.53556573 0.5922792
year:FR     -2.466431e-04  0.006962005 -0.03542702 0.9717405
year:CN      8.003632e-03  0.009873033  0.81065582 0.4175965

[[12]]
                Estimate   Std. Error    t value  Pr(>|t|)
(Intercept) -4.699919656  4.239986593 -1.1084751 0.2677025
year         0.002341055  0.002100100  1.1147351 0.2650100
US           8.018336571  4.890902597  1.6394390 0.1011759
JP           5.842105507  5.625325090  1.0385365 0.2990635
KR           4.384535692  7.133308013  0.6146567 0.5388055
FR           9.839655831  9.782711910  1.0058209 0.3145436
CN          11.777502348 12.642568639  0.9315751 0.3515948
year:US     -0.003962412  0.002422430 -1.6357175 0.1019528
year:JP     -0.002893433  0.002786692 -1.0383039 0.2991718
year:KR     -0.002174039  0.003533875 -0.6151999 0.5384468
year:FR     -0.004870306  0.004846499 -1.0049121 0.3149810
year:CN     -0.005818494  0.006259310 -0.9295743 0.3526301

[[13]]
                 Estimate   Std. Error      t value  Pr(>|t|)
(Intercept) -3.882362e+00  4.325028744 -0.897650011 0.3694093
year         1.940012e-03  0.002142170  0.905629256 0.3651696
US           3.428502e+00  4.859068732  0.705588385 0.4804724
JP           1.189708e+00  6.000429556  0.198270459 0.8428404
KR           9.472955e+00  7.298141781  1.297995479 0.1943403
FR          -3.473382e-02  9.764260719 -0.003557240 0.9971619
CN           5.786937e+00 12.091836755  0.478582106 0.6322539
year:US     -1.696338e-03  0.002406662 -0.704850808 0.4809313
year:JP     -5.903863e-04  0.002972388 -0.198623530 0.8425642
year:KR     -4.687822e-03  0.003615256 -1.296677642 0.1947935
year:FR      1.676854e-05  0.004837621  0.003466279 0.9972344
year:CN     -2.856971e-03  0.005987899 -0.477124081 0.6332917

[[14]]
                 Estimate   Std. Error   t value     Pr(>|t|)
(Intercept) -11.909890146  4.878071063 -2.441516 1.465532e-02
year          0.005911998  0.002416285  2.446730 1.444525e-02
US           28.983401820  5.519073085  5.251498 1.562268e-07
JP            8.305698685  6.387813637  1.300241 1.935698e-01
KR           10.725496111  7.817297810  1.372021 1.701098e-01
FR           24.038678599 11.663911986  2.060945 3.935265e-02
CN           16.742176672 12.753051886  1.312798 1.893029e-01
year:US      -0.014333594  0.002733631 -5.243427 1.631873e-07
year:JP      -0.004115587  0.003164404 -1.300589 1.934508e-01
year:KR      -0.005317695  0.003872620 -1.373152 1.697581e-01
year:FR      -0.011898824  0.005778714 -2.059078 3.953117e-02
year:CN      -0.008289657  0.006314706 -1.312754 1.893176e-01

[[15]]
                 Estimate   Std. Error    t value   Pr(>|t|)
(Intercept)   3.160616863  5.532689818  0.5712623 0.56784395
year         -0.001545248  0.002740572 -0.5638415 0.57288371
US          -10.725684060  6.137826954 -1.7474725 0.08060816
JP           -9.211781853  7.789717092 -1.1825567 0.23703322
KR           -2.730590705  9.026269393 -0.3025160 0.76226957
FR           -8.058662428 11.119740435 -0.7247168 0.46865495
CN           -7.997971472 14.999235418 -0.5332253 0.59389801
year:US       0.005309196  0.003040334  1.7462539 0.08081962
year:JP       0.004580893  0.003858992  1.1870700 0.23524848
year:KR       0.001341053  0.004471547  0.2999080 0.76425804
year:FR       0.003978204  0.005509341  0.7220834 0.47027223
year:CN       0.003959834  0.007426759  0.5331846 0.59392615

[[16]]
                 Estimate   Std. Error     t value  Pr(>|t|)
(Intercept)  0.5494551784  5.375819413  0.10220864 0.9185946
year        -0.0002628111  0.002662599 -0.09870471 0.9213761
US           4.6761395087  6.207293183  0.75332989 0.4512822
JP           3.7726715614  7.462616300  0.50554275 0.6131968
KR           2.1859826906  9.155119677  0.23877161 0.8112911
FR           4.8583602060 11.520573086  0.42171168 0.6732511
CN          -6.1555301841 13.625179270 -0.45177609 0.6514471
year:US     -0.0023023421  0.003074343 -0.74888923 0.4539542
year:JP     -0.0018571604  0.003696575 -0.50240029 0.6154050
year:KR     -0.0010662586  0.004535532 -0.23509010 0.8141471
year:FR     -0.0024055679  0.005707642 -0.42146439 0.6734316
year:CN      0.0030567383  0.006747027  0.45304968 0.6505299

[[17]]
                 Estimate   Std. Error      t value   Pr(>|t|)
(Intercept) -1.956268e-01  6.369633646 -0.030712405 0.97549995
year         1.387632e-04  0.003154613  0.043987394 0.96491596
US           9.645260e-01  7.215205938  0.133679626 0.89366054
JP          -2.226410e+01  9.297287854 -2.394687973 0.01666596
KR           2.062790e+00 10.203667580  0.202161599 0.83979746
FR           1.716579e-02 12.708390915  0.001350745 0.99892231
CN           1.229769e+01 15.256704045  0.806051812 0.42024592
year:US     -5.014768e-04  0.003573439 -0.140334519 0.88840055
year:JP      1.104312e-02  0.004605257  2.397938527 0.01651895
year:KR     -1.055121e-03  0.005054142 -0.208763540 0.83464014
year:FR     -3.566103e-05  0.006295952 -0.005664120 0.99548090
year:CN     -6.109775e-03  0.007553787 -0.808836015 0.41864255

[[18]]
                 Estimate   Std. Error     t value     Pr(>|t|)
(Intercept)  7.328938e+00  5.657385846  1.29546375 1.952117e-01
year        -3.605143e-03  0.002802124 -1.28657499 1.982937e-01
US          -3.101734e+01  6.562019287 -4.72679863 2.334596e-06
JP          -9.532132e+00  7.221774542 -1.31991555 1.869151e-01
KR           2.104806e-01  8.260209946  0.02548127 9.796720e-01
FR          -2.631001e+01 12.591624383 -2.08948496 3.670742e-02
CN          -1.456690e+01 13.398473449 -1.08720571 2.769909e-01
year:US      1.537003e-02  0.003250216  4.72892604 2.310362e-06
year:JP      4.711947e-03  0.003577255  1.31719613 1.878248e-01
year:KR     -1.104482e-04  0.004091613 -0.02699381 9.784656e-01
year:FR      1.303699e-02  0.006238912  2.08962547 3.669478e-02
year:CN      7.200983e-03  0.006634823  1.08533148 2.778198e-01

[[19]]
                 Estimate   Std. Error    t value   Pr(>|t|)
(Intercept)   9.211262950  6.631962543  1.3889196 0.16491035
year         -0.004531071  0.003284569 -1.3795023 0.16779295
US           -8.739483050  7.416124054 -1.1784435 0.23866805
JP          -10.348641767  9.169347548 -1.1286127 0.25910780
KR            8.192688938 11.059808933  0.7407622 0.45886750
FR          -26.567780189 14.393017819 -1.8458798 0.06496044
CN          -19.722815943 19.650462512 -1.0036820 0.31557365
year:US       0.004337242  0.003672943  1.1808627 0.23770554
year:JP       0.005116827  0.004541551  1.1266695 0.25992872
year:KR      -0.004049993  0.005478349 -0.7392726 0.45977131
year:FR       0.013187795  0.007130739  1.8494290 0.06444658
year:CN       0.009781810  0.009730071  1.0053174 0.31478583

[[20]]
                 Estimate   Std. Error    t value    Pr(>|t|)
(Intercept)  -8.337809761  4.270153033 -1.9525787 0.050917428
year          0.004150545  0.002115099  1.9623404 0.049770460
US            8.168352458  4.688638764  1.7421586 0.081533534
JP           13.506848406  6.258821185  2.1580499 0.030964742
KR          -25.075258941  9.309096035 -2.6936298 0.007088134
FR            8.048811139 10.819628394  0.7439083 0.456962008
CN           11.314018034 13.748932516  0.8229016 0.410597701
year:US      -0.004052557  0.002322347 -1.7450263 0.081033083
year:JP      -0.006689440  0.003100256 -2.1577057 0.030991525
year:KR       0.012448172  0.004611270  2.6995106 0.006964229
year:FR      -0.003988044  0.005360719 -0.7439382 0.456943891
year:CN      -0.005606869  0.006807763 -0.8235994 0.410200992

