[[1]]
                Estimate   Std. Error   t value     Pr(>|t|)
(Intercept)  31.61917885  6.568067766  4.814076 1.516221e-06
year         -0.01563216  0.003252555 -4.806115 1.577578e-06
US          -40.39132327  7.434131041 -5.433227 5.759188e-08
JP          -25.90688679  8.416963684 -3.077937 2.094089e-03
KR          -22.72163014 10.814332725 -2.101066 3.567806e-02
FR          -40.63534273 13.620270447 -2.983446 2.862057e-03
DE          -41.54465258 16.703473353 -2.487186 1.290360e-02
year:US       0.02001752  0.003681766  5.436935 5.641269e-08
year:JP       0.01283142  0.004168905  3.077888 2.094438e-03
year:KR       0.01123872  0.005356230  2.098252 3.592586e-02
year:FR       0.02012013  0.006748003  2.981642 2.878949e-03
year:DE       0.02055317  0.008274580  2.483893 1.302341e-02

[[2]]
                 Estimate   Std. Error    t value    Pr(>|t|)
(Intercept)  11.694595356  3.748367308  3.1199171 0.001817869
year         -0.005774964  0.001856297 -3.1110125 0.001873496
US           -7.411725621  4.099081012 -1.8081432 0.070635825
JP          -12.758965708  5.464647929 -2.3348193 0.019586696
KR          -10.677097434  6.463753267 -1.6518417 0.098620782
FR          -23.525573887  9.941963558 -2.3662905 0.017999918
DE           -8.430711406 10.215861525 -0.8252570 0.409259525
year:US       0.003670253  0.002029915  1.8080827 0.070645248
year:JP       0.006318817  0.002706966  2.3342804 0.019614904
year:KR       0.005282007  0.003201646  1.6497784 0.099042243
year:FR       0.011655421  0.004926134  2.3660382 0.018012177
year:DE       0.004174498  0.005060161  0.8249733 0.409420552

[[3]]
                 Estimate   Std. Error    t value  Pr(>|t|)
(Intercept) -8.3907956537  5.473228366 -1.5330615 0.1253151
year         0.0041730220  0.002710796  1.5394083 0.1237590
US          -7.5789422299  6.383088160 -1.1873473 0.2351391
JP          10.9000158762  7.415451524  1.4699059 0.1416413
KR          11.9849668168  9.817363431  1.2207928 0.2222139
FR          -1.9055402895 13.372941521 -0.1424922 0.8866961
DE          -4.4677373845 15.814129173 -0.2825155 0.7775583
year:US      0.0037648332  0.003161663  1.1907764 0.2337900
year:JP     -0.0053816862  0.003673478 -1.4650113 0.1429719
year:KR     -0.0059245965  0.004862826 -1.2183444 0.2231425
year:FR      0.0009620324  0.006625701  0.1451971 0.8845603
year:DE      0.0022074840  0.007834310  0.2817713 0.7781289

[[4]]
                 Estimate   Std. Error    t value  Pr(>|t|)
(Intercept)  7.0533635676  6.058528049  1.1642042 0.2443890
year        -0.0034524912  0.003000371 -1.1506880 0.2499079
US          -2.3208250370  6.742870255 -0.3441895 0.7307162
JP           2.4726546086  7.800133547  0.3170016 0.7512538
KR          -7.7449951669  9.517633827 -0.8137522 0.4158202
FR          -1.7092620615 11.397346291 -0.1499702 0.8807933
DE          24.3984035806 16.332204384  1.4938831 0.1352604
year:US      0.0011276755  0.003339341  0.3376940 0.7356060
year:JP     -0.0012399706  0.003863452 -0.3209489 0.7482606
year:KR      0.0038145657  0.004714508  0.8091121 0.4184837
year:FR      0.0008240497  0.005646397  0.1459426 0.8839718
year:DE     -0.0120903614  0.008089846 -1.4945108 0.1350964

[[5]]
                 Estimate   Std. Error    t value     Pr(>|t|)
(Intercept) -1.060442e+01  5.975482294 -1.7746546 7.600722e-02
year         5.277246e-03  0.002959446  1.7831868 7.460802e-02
US           1.565869e+01  6.789698121  2.3062424 2.113207e-02
JP           2.118419e+01  8.396845985  2.5228743 1.166644e-02
KR           1.986771e+00 10.295408530  0.1929764 8.469842e-01
FR           9.112408e+01 13.664111735  6.6688621 2.816016e-11
DE          -1.469847e+01 18.945135347 -0.7758438 4.378728e-01
year:US     -7.763946e-03  0.003362701 -2.3088422 2.098721e-02
year:JP     -1.048308e-02  0.004159595 -2.5202156 1.175484e-02
year:KR     -9.749853e-04  0.005099765 -0.1911824 8.483894e-01
year:FR     -4.508064e-02  0.006769435 -6.6594391 3.001134e-11
year:DE      7.325530e-03  0.009386118  0.7804644 4.351493e-01

[[6]]
                 Estimate   Std. Error     t value     Pr(>|t|)
(Intercept) -1.206310e+00  5.031080938 -0.23977148 0.8105158673
year         6.154850e-04  0.002491624  0.24702164 0.8049001922
US           5.939654e+00  5.552909884  1.06964711 0.2848225556
JP           6.910176e-01  6.949284636  0.09943723 0.9207945487
KR           3.041119e+01  8.293943813  3.66667468 0.0002479175
FR          -3.013851e+00 10.481020841 -0.28755318 0.7736990268
DE          -1.659900e+01 14.738552545 -1.12622995 0.2601146501
year:US     -2.932795e-03  0.002749936 -1.06649556 0.2862439405
year:JP     -3.429035e-04  0.003442030 -0.09962245 0.9206475021
year:KR     -1.506403e-02  0.004108173 -3.66684471 0.0002477532
year:FR      1.507816e-03  0.005192157  0.29040260 0.7715186069
year:DE      8.226191e-03  0.007301693  1.12661419 0.2599521020

[[7]]
                 Estimate   Std. Error    t value    Pr(>|t|)
(Intercept) -1.135685e+01  7.537364053 -1.5067397 0.131931671
year         5.666200e-03  0.003733133  1.5178134 0.129115789
US           2.356359e+01  8.393582295  2.8073343 0.005011966
JP           1.115445e+01  9.926700278  1.1236820 0.261194330
KR          -1.802955e+00 13.649536560 -0.1320891 0.894918407
FR          -1.840956e+01 17.609699402 -1.0454218 0.295871511
DE           1.015120e+01 19.367204004  0.5241438 0.600198488
year:US     -1.167467e-02  0.004157144 -2.8083398 0.004996363
year:JP     -5.545705e-03  0.004917205 -1.1278165 0.259443918
year:KR      9.465697e-04  0.006761680  0.1399903 0.888672489
year:FR      9.113088e-03  0.008725143  1.0444629 0.296314660
year:DE     -5.061653e-03  0.009593887 -0.5275914 0.597803059

[[8]]
                 Estimate   Std. Error   t value     Pr(>|t|)
(Intercept)  16.132783497  6.437855215  2.505925 1.224023e-02
year         -0.007967653  0.003188327 -2.499008 1.248152e-02
US          -27.720562060  7.504629904 -3.693795 2.229589e-04
JP          -14.785356156  8.500195055 -1.739414 8.201490e-02
KR          -45.786707813 11.271549568 -4.062148 4.926259e-05
FR          -15.427349593 13.419902348 -1.149587 2.503611e-01
DE          -28.114731615 17.828410351 -1.576962 1.148586e-01
year:US       0.013739570  0.003716709  3.696703 2.204269e-04
year:JP       0.007318243  0.004210256  1.738194 8.222948e-02
year:KR       0.022700730  0.005583274  4.065846 4.849013e-05
year:FR       0.007633322  0.006648770  1.148080 2.509826e-01
year:DE       0.013916981  0.008832000  1.575745 1.151389e-01

[[9]]
                 Estimate   Std. Error     t value     Pr(>|t|)
(Intercept) -8.1541124527  4.293742599 -1.89906876 5.760486e-02
year         0.0040524474  0.002126556  1.90563872 5.674634e-02
US          14.0947415596  4.634205794  3.04145784 2.364845e-03
JP          22.7680073517  5.752204931  3.95813564 7.643709e-05
KR           9.1984326521  7.946873889  1.15749070 2.471195e-01
FR           6.8048792833  9.133480855  0.74504774 4.562730e-01
DE           0.6995549310 11.476477822  0.06095554 9.513967e-01
year:US     -0.0069684693  0.002295183 -3.03612804 2.406984e-03
year:JP     -0.0112822665  0.002849212 -3.95978473 7.591261e-05
year:KR     -0.0045551997  0.003936746 -1.15709783 2.472799e-01
year:FR     -0.0033709220  0.004524954 -0.74496265 4.563244e-01
year:DE     -0.0003492423  0.005685478 -0.06142708 9.510212e-01

[[10]]
                 Estimate   Std. Error    t value    Pr(>|t|)
(Intercept)  1.113336e+00  4.173012193  0.2667944 0.789636952
year        -5.347813e-04  0.002066844 -0.2587430 0.795842695
US          -1.541433e+00  4.720849350 -0.3265159 0.744045777
JP          -1.777765e+01  6.092555621 -2.9179302 0.003537126
KR          -3.024141e+00  6.703359691 -0.4511381 0.651906852
FR          -6.536941e+00  9.791290418 -0.6676282 0.504397447
DE          -6.438309e+00 11.591329326 -0.5554419 0.578613827
year:US      7.576932e-04  0.002338236  0.3240448 0.745915745
year:JP      8.831853e-03  0.003018024  2.9263691 0.003442709
year:KR      1.489992e-03  0.003320450  0.4487320 0.653641716
year:FR      3.235971e-03  0.004851307  0.6670309 0.504778859
year:DE      3.191587e-03  0.005742103  0.5558220 0.578353895

[[11]]
                 Estimate   Std. Error   t value     Pr(>|t|)
(Intercept) -16.872201603  7.200428948 -2.343222 0.0191515174
year          0.008413076  0.003565942  2.359285 0.0183430212
US           23.907424823  7.997078236  2.989520 0.0028058506
JP           16.895818206  9.542556310  1.770576 0.0766836418
KR           27.231823511 10.800153717  2.521429 0.0117144114
FR           24.605231722 13.306531495  1.849109 0.0644927192
DE           78.897270135 22.496566487  3.507081 0.0004564727
year:US      -0.011877836  0.003960498 -2.999076 0.0027194545
year:JP      -0.008391494  0.004726369 -1.775463 0.0758736956
year:KR      -0.013526044  0.005349494 -2.528472 0.0114822622
year:FR      -0.012228557  0.006592350 -1.854962 0.0636522649
year:DE      -0.039032248  0.011144348 -3.502425 0.0004645065

[[12]]
                Estimate   Std. Error    t value  Pr(>|t|)
(Intercept) -4.128225878  4.399223758 -0.9383987 0.3480785
year         0.002060648  0.002178849  0.9457507 0.3443150
US           7.841732635  4.894990347  1.6019914 0.1092118
JP           5.208467649  5.924083241  0.8792023 0.3793279
KR           3.611538647  7.089746304  0.5094031 0.6104890
FR           8.752888040  9.547973318  0.9167273 0.3593235
DE           2.924489865 11.196013065  0.2612082 0.7939412
year:US     -0.003877564  0.002424446 -1.5993609 0.1097947
year:JP     -0.002582460  0.002934426 -0.8800565 0.3788650
year:KR     -0.001793449  0.003511876 -0.5106812 0.6095937
year:FR     -0.004335506  0.004730265 -0.9165460 0.3594186
year:DE     -0.001457444  0.005546149 -0.2627849 0.7927257

[[13]]
                 Estimate   Std. Error    t value  Pr(>|t|)
(Intercept) -3.4517903047  4.655867976 -0.7413849 0.4584900
year         0.0017283094  0.002305882  0.7495221 0.4535729
US           2.3785406812  5.142543293  0.4625222 0.6437241
JP           1.3484762782  5.901836814  0.2284842 0.8192779
KR           9.2584068121  7.632072034  1.2130922 0.2251438
FR          -1.4999026264  9.187061514 -0.1632625 0.8703174
DE          -9.7769136351 12.089451142 -0.8087144 0.4187125
year:US     -0.0011779562  0.002546924 -0.4625015 0.6437390
year:JP     -0.0006706269  0.002923151 -0.2294192 0.8185512
year:KR     -0.0045830998  0.003780281 -1.2123700 0.2254200
year:FR      0.0007411705  0.004551539  0.1628395 0.8706504
year:DE      0.0048418752  0.005989071  0.8084517 0.4188636

[[14]]
                 Estimate   Std. Error    t value     Pr(>|t|)
(Intercept)  -5.933356485  4.857939627 -1.2213730 2.219943e-01
year          0.002952356  0.002406011  1.2270749 2.198441e-01
US           25.386463875  5.479598930  4.6329055 3.684266e-06
JP            4.526773970  6.510738230  0.6952781 4.869088e-01
KR            6.358611826  7.804847176  0.8147004 4.152772e-01
FR           20.302122255 10.753091181  1.8880266 5.907209e-02
DE          -15.190783843 16.634691110 -0.9131990 3.611757e-01
year:US      -0.012552589  0.002713817 -4.6254363 3.819059e-06
year:JP      -0.002245019  0.003224989 -0.6961323 4.863738e-01
year:KR      -0.003155402  0.003866094 -0.8161733 4.144344e-01
year:FR      -0.010048880  0.005327065 -1.8863823 5.929322e-02
year:DE       0.007526212  0.008241910  0.9131636 3.611943e-01

[[15]]
                 Estimate   Std. Error    t value   Pr(>|t|)
(Intercept)   3.142111961  5.442255024  0.5773548 0.56372215
year         -0.001536364  0.002695062 -0.5700665 0.56865462
US          -11.293549940  6.119284990 -1.8455669 0.06500589
JP          -11.354537860  7.582926322 -1.4973821 0.13434812
KR           -3.457882752  8.918577424 -0.3877169 0.69823977
FR           -8.424944461 11.771675351 -0.7156963 0.47420762
DE          -12.395141029 15.101072879 -0.8208119 0.41178702
year:US       0.005591188  0.003030485  1.8449816 0.06509101
year:JP       0.005642344  0.003756316  1.5020951 0.13312681
year:KR       0.001701589  0.004417835  0.3851636 0.70013031
year:FR       0.004160591  0.005832015  0.7134055 0.47562349
year:DE       0.006147108  0.007481078  0.8216874 0.41128849

[[16]]
                Estimate   Std. Error    t value  Pr(>|t|)
(Intercept) -3.064246638  5.205693213 -0.5886337 0.5561298
year         0.001527929  0.002578239  0.5926250 0.5534552
US           8.332298202  6.133047630  1.3585902 0.1743292
JP           8.365196518  7.236657340  1.1559476 0.2477501
KR           6.206373128  8.560366898  0.7250125 0.4684735
FR           9.920385565 11.109683070  0.8929495 0.3719212
DE          19.502253058 14.968310609  1.3029028 0.1926595
year:US     -0.004114759  0.003037401 -1.3546974 0.1755666
year:JP     -0.004132810  0.003584503 -1.1529662 0.2489716
year:KR     -0.003058565  0.004240548 -0.7212664 0.4707746
year:FR     -0.004915114  0.005503748 -0.8930486 0.3718681
year:DE     -0.009660115  0.007414613 -1.3028481 0.1926782

[[17]]
                 Estimate   Std. Error     t value   Pr(>|t|)
(Intercept)  7.601004e-01  6.461730357  0.11763110 0.90636403
year        -3.368142e-04  0.003200116 -0.10525064 0.91618056
US           1.021211e+00  7.384606856  0.13828921 0.89001664
JP          -2.124486e+01  8.351839272 -2.54373436 0.01099309
KR           8.908193e-01 10.085909379  0.08832315 0.92962288
FR           3.701621e+00 13.035489738  0.28396482 0.77644744
DE           1.193109e+01 17.792317155  0.67057524 0.50251778
year:US     -5.275627e-04  0.003657114 -0.14425656 0.88530288
year:JP      1.053985e-02  0.004136981  2.54771467 0.01086861
year:KR     -4.728244e-04  0.004995756 -0.09464522 0.92459989
year:FR     -1.858398e-03  0.006458025 -0.28776569 0.77353635
year:DE     -5.914349e-03  0.008813417 -0.67106203 0.50220765

[[18]]
                 Estimate   Std. Error    t value     Pr(>|t|)
(Intercept)  4.663979e+00  5.371553420  0.8682738 3.852803e-01
year        -2.285629e-03  0.002660347 -0.8591467 3.902950e-01
US          -3.164932e+01  6.262044133 -5.0541509 4.455267e-07
JP          -8.727490e+00  6.934735706 -1.2585181 2.082550e-01
KR           1.295433e+00  9.102898801  0.1423099 8.868402e-01
FR          -2.836652e+01 11.740384600 -2.4161495 1.571621e-02
DE          -1.450303e+01 14.925560915 -0.9716911 3.312446e-01
year:US      1.568313e-02  0.003101579  5.0564991 4.401021e-07
year:JP      4.313838e-03  0.003435013  1.2558435 2.092232e-01
year:KR     -6.476574e-04  0.004508992 -0.1436368 8.857922e-01
year:FR      1.405703e-02  0.005817244  2.4164421 1.570360e-02
year:DE      7.180789e-03  0.007394284  0.9711270 3.315254e-01

[[19]]
                 Estimate   Std. Error    t value  Pr(>|t|)
(Intercept)   5.465014596  7.136785276  0.7657530 0.4438544
year         -0.002673545  0.003534230 -0.7564717 0.4493971
US           -4.729268645  7.642853622 -0.6187831 0.5360835
JP           -5.736416373  9.340244360 -0.6141613 0.5391328
KR           14.063507213 12.467837713  1.1279829 0.2593737
FR          -23.064659923 14.506120593 -1.5899950 0.1118903
DE           15.036536137 21.938313721  0.6854007 0.4931184
year:US       0.002349573  0.003784922  0.6207720 0.5347740
year:JP       0.002830593  0.004626261  0.6118534 0.5406587
year:KR      -0.006960239  0.006175318 -1.1271061 0.2597441
year:FR       0.011449387  0.007187405  1.5929792 0.1112192
year:DE      -0.007447148  0.010867817 -0.6852479 0.4932148

[[20]]
                 Estimate   Std. Error    t value     Pr(>|t|)
(Intercept)  -7.288767748  4.479384747 -1.6271806 0.1037529083
year          0.003631925  0.002218463  1.6371353 0.1016562900
US            6.358595753  5.121753240  1.2414881 0.2144755367
JP           12.454046665  6.131690842  2.0310950 0.0422907302
KR          -27.710210040  8.095969967 -3.4227165 0.0006242611
FR            7.279767754  9.993127261  0.7284774 0.4663506939
DE            7.797354656 11.726503415  0.6649343 0.5061188542
year:US      -0.003156978  0.002536621 -1.2445602 0.2133436013
year:JP      -0.006168769  0.003036972 -2.0312237 0.0422776717
year:KR       0.013753684  0.004011470  3.4285899 0.0006109350
year:FR      -0.003607786  0.004950449 -0.7287796 0.4661658310
year:DE      -0.003872401  0.005808984 -0.6666228 0.5050395665

